spawns:
  default:
    world: 8d5504e8-4ede-4367-aa61-cb5dd4e1d8ae
    world-name: spawn
    x: -0.4180390079101668
    y: 62.0
    z: 0.6248497603964486
    yaw: 0.24253471195697784
    pitch: -0.8461831212043762
